0.00000 0.71129 0.00065 0.03351 0.02079 -0.01140 0.22971 0.45454 0.03530 -0.00050
0.00079 -0.00000 -0.01613 -0.01785 -0.00451 -0.00177 0.53078 -0.08568 -0.01260 -0.00000
-0.01171 0.00233 -0.00001 -0.00108 -0.01112 0.01119 -0.19710 -0.02106 0.01629 0.00085
0.00055 -0.00451 -0.43751 0.00000 -0.02324 -0.00443 -0.03389 -0.04040 0.01409 0.00509
0.00558 -0.15959 -0.00216 -0.00209 -0.00001 0.00067 -0.00454 0.01568 0.23585 0.01451
-0.01437 -0.49403 0.01518 -0.00070 0.85973 0.00000 0.03974 0.02267 0.19107 0.00903
0.00135 0.00073 -0.00194 0.00063 -0.02250 -0.00267 -0.00000 -0.00485 -0.00574 -0.00171
0.00135 0.00603 -0.00527 -0.00032 0.01333 0.03121 -0.25469 0.00011 0.02052 0.00544
-0.00142 -0.01268 0.00068 -0.00350 0.00162 0.00165 -0.16926 0.00099 0.00000 -0.00001
0.00176 0.01910 0.88206 0.02016 0.00683 0.00404 -0.38412 0.06671 0.00780 -0.00002
