0.00000 -1.33537 0.00000 0.00000 0.00000 0.00000 0.00000 -1.04638 0.00000 0.00000
0.00000 0.00000 0.00000 0.00000 0.00000 0.00000 -1.98761 0.00000 0.00000 0.00000
0.00000 0.00000 0.00000 0.00000 0.00000 0.00000 0.00000 0.00000 0.00000 0.00000
0.00000 0.00000 0.83675 0.00000 0.00000 0.00000 0.00000 0.00000 0.00000 0.00000
0.00000 0.00000 0.00000 0.00000 0.00000 0.00000 0.00000 0.00000 -1.50801 0.00000
0.00000 1.31691 0.00000 0.00000 -1.70567 0.00000 0.00000 0.00000 0.00000 0.00000
0.00000 0.00000 0.00000 0.00000 0.00000 0.00000 0.00000 1.53490 0.00000 0.00000
0.00000 0.00000 0.00000 0.00000 0.00000 0.00000 0.00000 0.00000 0.00000 0.00000
0.00000 0.00000 0.00000 0.00000 0.00000 0.00000 0.99347 0.00000 0.00000 0.00000
0.00000 0.00000 -1.81752 0.00000 0.00000 0.00000 1.13322 0.00000 0.00000 0.00000
