-0.00000 -0.00021 0.00595 -0.00055 0.00006 0.08989 0.00004 0.00008 0.00015 0.00581
-0.01909 0.00000 -0.00093 -0.00039 0.16251 -0.01798 -0.15065 0.70278 0.00047 -0.00528
0.00045 -0.01730 0.00000 -0.00003 0.04630 -0.79022 0.00078 -0.02940 0.00080 0.68145
-0.01484 0.02187 0.02129 0.00000 0.05222 -0.03954 -0.02867 -0.00697 0.00116 0.93398
-0.07649 0.00001 -0.00019 0.00018 0.00000 0.00028 -0.00001 0.00001 0.00026 0.00016
-0.00001 0.00004 -0.00000 -0.00011 0.00651 0.00000 0.00103 -0.00030 0.00107 -0.28573
0.04740 -0.00002 0.00225 -0.00024 -0.36130 0.02513 0.00000 -0.00001 0.00177 0.00760
-0.03787 0.00000 -0.00006 0.00065 0.32184 -0.01816 -0.28227 0.00000 0.00054 -0.01673
0.00113 0.01721 0.00829 0.00594 0.07400 0.01672 -0.01165 -0.02872 0.00000 -0.00448
-0.00076 -0.00170 0.00001 0.00000 0.02615 -0.00002 0.00187 -0.00083 0.00242 0.00000
